[Base]
initial_theta = 90
wheel_diameter = 5.6
wheel_base = 12.543358882994895
base_left_speed = 20.021051341141046
base_right_speed = 19.978970793508942

[Parking Control]
search_cone = 60

[Square Test Control]
square_length = 50
square_wait_time = 20

